0	198.4	-595.2	34.52
5		--	
10	992.1	1.19E+03	17.86
15		--	
20	2.58E+03	-3571	29.76
25		--	
30	-3373	4.76E+03	26.19
35		--	
40	-1389	-992.1	19.05
45		--	
50	-2976	2.78E+03	13.1
55		--	
60	-2183	793.7	8.333
65		--	
70	-595.2	0.00E+00	33.33
75		--	
80	-2778	992.1	17.86
85		--	
90	-992.1	793.7	32.14
95		--	
100	595.2	-1984	29.76
105		--	
110	-4960	3.57E+03	29.76
115		--	
120	992.1	1.39E+03	25
125		--	
130	1.79E+03	4.56E+03	28.57
135		--	
140	-4563	3.18E+03	10.71
145		--	
150	-2183	-396.8	30.95
155		--	
160	2.98E+03	-3175	36.9
165		--	
170	-1587	-793.7	52.38
175		--	
180	0.00E+00	992.1	35.71
185		--	
190	-2976	992.1	26.19
195		--	
200	-3770	1.59E+03	16.67
205		--	
210	-2976	3.18E+03	29.76
215		--	
220	-198.4	1.39E+03	26.19
225		--	
230	793.7	-1389	14.29
235		--	
240	-595.2	198.4	30.95
245		--	
250	992.1	-198.4	26.19
255		--	
260	0.00E+00	-2778	27.38
265		--	
270	-3373	1.79E+03	16.67
275		--	
280	-2579	0.00E+00	33.33
285		--	
290	-3571	2.18E+03	38.1
295		--	
300	0.00E+00	3.77E+03	25
305		--	
310	793.7	-1984	33.33
315		--	
320	-1786	1.79E+03	22.62
325		--	
330	-396.8	-992.1	40.48
335		--	
340	1.98E+03	-595.2	39.29
345		--	
350	-1786	-3770	36.9
355		--	
360	-1190	1.59E+03	30.95
365		--	
370	-5159	1.19E+03	26.19
375		--	
380	1.79E+03	1.59E+03	26.19
385		--	
390	992.1	-1190	42.86
395		--	
400	-793.7	595.2	32.14
405		--	
410	-992.1	-1786	32.14
415		--	
420	595.2	-992.1	42.86
425		--	
430	-793.7	-1587	45.24
435		--	
440	-3175	4.37E+03	44.05
445		--	
450	-5159	396.8	26.19
455		--	
460	-396.8	3.57E+03	38.1
465		--	
470	-1190	2.98E+03	26.19
475		--	
480	-2579	-1786	44.05
485		--	
490	0.00E+00	-1190	36.9
495		--	
500	-1786	-1786	28.57
505		--	
510	-1587	-2976	38.1
515		--	
520	-1389	992.1	32.14
525		--	
530	-4960	992.1	30.95
535		--	
540	-595.2	3.37E+03	40.48
545		--	
550	-1984	1.19E+03	25
555		--	
560	992.1	-992.1	21.43
565		--	
570	-3373	-2381	27.38
575		--	
580	992.1	1.19E+03	41.67
585		--	
590	1.59E+03	-4960	36.9
595		--	
600	-595.2	198.4	29.76
605		--	
610	-5159	1.19E+03	34.52
615		--	
620	0.00E+00	-1389	17.86
625		--	
630	-1587	-198.4	26.19
635		--	
640	-3571	-2976	32.14
645		--	
650	-793.7	-3571	35.71
655		--	
660	-1786	992.1	23.81
665		--	
670	-396.8	-2381	32.14
675		--	
680	-1389	-198.4	30.95
685		--	
690	-3175	0.00E+00	36.9
695		--	
700	-4563	3.57E+03	19.05
705		--	
710	-198.4	1.79E+03	22.62
715		--	
720	1.19E+03	3.37E+03	32.14
725		--	
730	-3571	-4167	42.86
735		--	
740	-2976	-1389	36.9
745		--	
750	2.38E+03	-2381	32.14
755		--	
760	-595.2	-2579	30.95
765		--	
770	198.4	-396.8	50
775		--	
780	-4762	793.7	21.43
785		--	
790	-396.8	396.8	35.71
795		--	
800	-2778	-198.4	21.43
805		--	
810	-1786	198.4	26.19
815		--	
820	-3968	-198.4	21.43
825		--	
830	992.1	-3571	48.81
835		--	
840	-1984	-595.2	28.57
845		--	
850	-4563	992.1	39.29
855		--	
860	-2183	1.59E+03	15.48
865		--	
870	-2183	2.78E+03	29.76
875		--	
880	-1786	2.98E+03	14.29
885		--	
890	0.00E+00	1.39E+03	29.76
895		--	
900	-1190	-793.7	27.38
905		--	
910	-3373	-1389	34.52
915		--	
920	4.17E+03	-1786	27.38
925		--	
930	-3571	-198.4	48.81
935		--	
940	-3571	3.37E+03	27.38
945		--	
950	3.97E+03	1.79E+03	40.48
955		--	
960	-1587	3.77E+03	14.29
965		--	
970	-2976	793.7	22.62
975		--	
980	-2778	-2381	46.43
985		--	
990	0.00E+00	-396.8	208.3
995		--	
1000	1.19E+03	1.59E+03	-2.376
1005		--	
1010	2.98E+03	-3571	-2.376
1015		--	
1020	-3770	4.76E+03	-2.376
1025		--	
1030	-1190	-595.2	200
1035		--	
1040	-2183	2.98E+03	302.4
1045		--	
1050	-1984	1.19E+03	302.4
1055		--	
1060	-793.7	0.00E+00	-2.376
1065		--	
1070	-2976	1.19E+03	-2.376
1075		--	
1080	-595.2	793.7	182.1
1085		--	
1090	396.8	-2183	302.4
1095		--	
1100	-5159	3.57E+03	302.4
1105		--	
1110	1.19E+03	1.59E+03	-2.376
1115		--	
1120	1.79E+03	4.56E+03	113.1
1125		--	
1130	-4563	2.98E+03	-2.376
1135		--	
1140	-2381	-396.8	142.9
1145		--	
1150	2.98E+03	-3373	-2.376
1155		--	
1160	-1389	-793.7	264.3
1165		--	
1170	198.4	1.19E+03	-2.376
1175		--	
1180	-2778	1.39E+03	19.97ne3   
1185		--	
1190	-3373	1.59E+03	-2.376
1195		--	
1200	-2778	2.98E+03	152.4
1205		--	
1210	0.00E+00	1.59E+03	-2.376
1215		--	
1220	793.7	-1587	302.4
1225		--	
1230	-793.7	0.00E+00	-2.376
1235		--	
1240	1.19E+03	-198.4	176.2
1245		--	
1250	0.00E+00	-2778	-2.376
1255		--	
1260	-3175	1.79E+03	70.24
1265		--	
1270	-2579	198.4	-2.376
1275		--	
1280	-3770	1.79E+03	84.52
1285		--	
1290	0.00E+00	3.77E+03	-2.376
1295		--	
1300	992.1	-1984	32.14
1305		--	
1310	-1786	1.39E+03	-2.376
1315		--	
1320	-198.4	-1190	264.3
1325		--	
1330	2.58E+03	-595.2	186.9
1335		--	
1340	-1786	-3571	142.9
1345		--	
1350	-1190	1.39E+03	-2.376
1355		--	
1360	-4960	992.1	-2.376
1365		--	
1370	1.79E+03	1.59E+03	-2.376
1375		--	
1380	793.7	-793.7	183.3
1385		--	
1390	-595.2	396.8	90.48
1395		--	
1400	-1190	-1984	13.1
1405		--	
1410	793.7	-1190	-2.376
1415		--	
1420	-595.2	-1389	-2.376
1425		--	
1430	-3175	4.37E+03	-2.376
1435		--	
1440	-5357	595.2	154.8
1445		--	
1450	-396.8	3.77E+03	48.81
1455		--	
1460	-1190	2.78E+03	57.14
1465		--	
1470	-2579	-1587	-2.376
1475		--	
1480	198.4	-1389	14.29
1485		--	
1490	-1389	-1984	35.71
1495		--	
1500	-1389	-3175	101.2
1505		--	
1510	-992.1	793.7	46.43
1515		--	
1520	-5159	992.1	61.9
1525		--	
1530	-396.8	3.57E+03	-2.376
1535		--	
1540	-1389	1.19E+03	8.333
1545		--	
1550	793.7	-992.1	-2.376
1555		--	
1560	-3175	-2183	80.95
1565		--	
1570	992.1	992.1	71.43
1575		--	
1580	1.19E+03	-4960	73.81
1585		--	
1590	-595.2	198.4	-2.376
1595		--	
1600	-5159	1.19E+03	38.1
1605		--	
1610	-198.4	-1190	13.1
1615		--	
1620	-1587	0.00E+00	86.9
1625		--	
1630	-3571	-3175	41.67
1635		--	
1640	-793.7	-3373	72.62
1645		--	
1650	-1587	992.1	-2.376
1655		--	
1660	-396.8	-2381	51.19
1665		--	
1670	-1389	0.00E+00	15.48
1675		--	
1680	-3175	0.00E+00	67.86
1685		--	
1690	-4365	3.57E+03	9.524
1695		--	
1700	198.4	1.79E+03	25
1705		--	
1710	992.1	3.37E+03	3.571
1715		--	
1720	-3373	-4365	34.52
1725		--	
1730	-2976	-1389	-2.376
1735		--	
1740	2.58E+03	-2183	45.24
1745		--	
1750	-793.7	-2579	16.67
1755		--	
1760	198.4	-198.4	67.86
1765		--	
1770	-4365	793.7	10.71
1775		--	
1780	-396.8	396.8	35.71
1785		--	
1790	-2579	0.00E+00	13.1
1795		--	
1800	-1587	396.8	39.29
1805		--	
1810	-3571	-198.4	46.43
1815		--	
1820	793.7	-3373	52.38
1825		--	
1830	-1786	-595.2	25
1835		--	
1840	-4563	1.19E+03	29.76
1845		--	
1850	-1984	1.59E+03	19.97ne3   
1855		--	
1860	-1984	3.18E+03	34.52
1865		--	
1870	-1786	3.37E+03	46.43
1875		--	
1880	198.4	1.39E+03	34.52
1885		--	
1890	-1190	-793.7	35.71
1895		--	
1900	-3373	-1389	-2.376
1905		--	
1910	4.17E+03	-1587	57.14
1915		--	
1920	-3373	198.4	44.05
1925		--	
1930	-3373	3.37E+03	64.29
1935		--	
1940	3.77E+03	1.98E+03	2.381
1945		--	
1950	-1587	3.77E+03	39.29
1955		--	
1960	-2976	793.7	5.952
1965		--	
1970	-2183	-2183	50
1975		--	
1980	396.8	-396.8	-2.376
1985		--	
1990	1.19E+03	992.1	29.76
1995		--	
2000	2.18E+03	-2976	4.762
2005		--	
2010	-3571	4.76E+03	65.48
2015		--	
2020	-1190	-992.1	4.762
2025		--	
2030	-2579	2.98E+03	29.76
2035		--	
2040	-2381	595.2	-2.376
2045		--	
2050	-396.8	198.4	52.38
2055		--	
2060	-2579	1.19E+03	3.571
2065		--	
2070	-793.7	793.7	46.43
2075		--	
2080	1.39E+03	-2183	-2.376
2085		--	
2090	-396.8	2.18E+03	-2.376
2095		--	
2100	7.54E+03	-2778	16.67
2105		--	
2110	1.01E+04	-595.2	35.71
2115		--	
2120	4.17E+03	-2976	8.333
2125		--	
2130	6.94E+03	-6944	50
2135		--	
2140	1.25E+04	-9524	-2.376
2145		--	
2150	8.33E+03	-7738	3.571
2155		--	
2160	1.01E+04	-6349	46.43
2165		--	
2170	6.75E+03	-5556	125
2175		--	
2180	6.15E+03	-5556	91.67
2185		--	
2190	7.34E+03	-4365	94.05
2195		--	
2200	1.03E+04	-6151	19.97ne3   
2205		--	
2210	1.09E+04	-8730	-2.376
2215		--	
2220	9.52E+03	-7143	-2.376
2225		--	
2230	1.13E+04	-7738	-2.376
2235		--	
2240	1.05E+04	-10520	35.71
2245		--	
2250	6.55E+03	-5159	28.57
2255		--	
2260	7.54E+03	-7540	28.57
2265		--	
2270	6.55E+03	-5357	52.38
2275		--	
2280	9.92E+03	-3968	16.67
2285		--	
2290	1.07E+04	-8929	86.9
2295		--	
2300	8.14E+03	-5754	113.1
2305		--	
2310	1.01E+04	-8532	102.4
2315		--	
2320	1.25E+04	-7937	3.571
2325		--	
2330	8.73E+03	-11510	10.71
2335		--	
2340	8.73E+03	-5754	-2.376
2345		--	
2350	4.76E+03	-6151	17.86
2355		--	
2360	1.21E+04	-6151	-2.376
2365		--	
2370	1.07E+04	-8730	29.76
2375		--	
2380	9.13E+03	-7143	7.143
2385		--	
2390	9.13E+03	-9524	51.19
2395		--	
2400	1.09E+04	-8730	19.05
2405		--	
2410	9.92E+03	-8532	72.62
2415		--	
2420	6.15E+03	-2778	38.1
2425		--	
2430	4.76E+03	-7143	69.05
2435		--	
2440	9.72E+03	-3571	45.24
2445		--	
2450	9.13E+03	-4762	26.19
2455		--	
2460	7.34E+03	-9127	209.5
2465		--	
2470	9.92E+03	-8532	242.9
2475		--	
2480	8.73E+03	-9524	110.7
2485		--	
2490	8.73E+03	-10520	110.7
2495		--	
2500	8.33E+03	-6151	8.333
2505		--	
2510	4.76E+03	-6349	4.762
2515		--	
2520	9.33E+03	-3770	9.524
2525		--	
2530	7.94E+03	-5952	53.57
2535		--	
2540	1.05E+04	-7937	61.9
2545		--	
2550	6.55E+03	-9325	67.86
2555		--	
2560	1.05E+04	-6151	32.14
2565		--	
2570	1.11E+04	-12500	40.48
2575		--	
2580	8.53E+03	-6349	32.14
2585		--	
2590	4.37E+03	-5754	34.52
2595		--	
2600	9.33E+03	-8135	3.571
2605		--	
2610	7.74E+03	-6944	42.86
2615		--	
2620	5.56E+03	-9524	16.67
2625		--	
2630	8.53E+03	-10320	29.76
2635		--	
2640	7.74E+03	-5754	22.62
2645		--	
2650	8.73E+03	-9127	36.9
2655		--	
2660	7.94E+03	-6944	36.9
2665		--	
2670	5.36E+03	-6746	44.05
2675		--	
2680	4.17E+03	-2976	21.43
2685		--	
2690	8.73E+03	-4365	42.86
2695		--	
2700	9.52E+03	-2976	41.67
2705		--	
2710	5.36E+03	-10520	41.67
2715		--	
2720	5.95E+03	-7738	46.43
2725		--	
2730	1.07E+04	-8730	33.33
2735		--	
2740	7.54E+03	-8929	34.52
2745		--	
2750	8.33E+03	-6349	46.43
2755		--	
2760	3.57E+03	-4960	16.67
2765		--	
2770	7.34E+03	-5159	47.62
2775		--	
2780	4.96E+03	-5754	10.71
2785		--	
2790	5.95E+03	-5556	33.33
2795		--	
2800	4.17E+03	-5754	32.14
2805		--	
2810	8.73E+03	-9127	60.71
2815		--	
2820	5.56E+03	-6349	35.71
2825		--	
2830	2.78E+03	-3968	51.19
2835		--	
2840	4.96E+03	-3770	27.38
2845		--	
2850	4.96E+03	-1984	34.52
2855		--	
2860	5.16E+03	-1984	16.67
2865		--	
2870	6.75E+03	-3571	17.86
2875		--	
2880	5.36E+03	-5754	11.9
2885		--	
2890	3.18E+03	-6151	21.43
2895		--	
2900	1.05E+04	-6349	5.952
2905		--	
2910	2.38E+03	-4167	47.62
2915		--	
2920	2.58E+03	-992.1	28.57
2925		--	
2930	9.52E+03	-2778	51.19
2935		--	
2940	4.56E+03	-595.2	58.33
2945		--	
2950	2.98E+03	-3175	48.81
2955		--	
2960	3.57E+03	-6349	36.9
2965		--	
2970	5.95E+03	-4365	39.29
2975		--	
2980	6.75E+03	-2778	9.524
2985		--	
2990	7.74E+03	-6944	25
2995		--	
3000	1.59E+03	1.39E+03	23.81
3005		--	
3010	3.57E+03	-4365	22.62
3015		--	
3020	1.79E+03	-396.8	19.05
3025		--	
3030	2.58E+03	-2381	16.67
3035		--	
3040	4.17E+03	-3373	44.05
3045		--	
3050	1.59E+03	-1984	26.19
3055		--	
3060	2.98E+03	-2381	36.9
3065		--	
3070	4.96E+03	-4960	32.14
3075		--	
3080	-992.1	793.7	30.95
3085		--	
3090	4.96E+03	-1190	25
3095		--	
3100	5.95E+03	1.79E+03	25
3105		--	
3110	-793.7	396.8	15.48
3115		--	
3120	1.19E+03	-2976	33.33
3125		--	
3130	6.55E+03	-5357	35.71
3135		--	
3140	1.79E+03	-2976	48.81
3145		--	
3150	3.57E+03	-1190	33.33
3155		--	
3160	-198.4	-396.8	25
3165		--	
3170	-992.1	-198.4	13.1
3175		--	
3180	0.00E+00	1.19E+03	30.95
3185		--	
3190	2.18E+03	-198.4	32.14
3195		--	
3200	3.18E+03	-3175	20.24
3205		--	
3210	1.59E+03	-1389	38.1
3215		--	
3220	2.78E+03	-1389	28.57
3225		--	
3230	1.79E+03	-3571	26.19
3235		--	
3240	-1587	793.7	15.48
3245		--	
3250	-1389	-595.2	30.95
3255		--	
3260	-1984	1.39E+03	39.29
3265		--	
3270	992.1	2.98E+03	25
3275		--	
3280	1.79E+03	-2381	41.67
3285		--	
3290	-992.1	992.1	23.81
3295		--	
3300	595.2	-1190	44.05
3305		--	
3310	2.58E+03	-595.2	44.05
3315		--	
3320	-1190	-3770	38.1
3325		--	
3330	-595.2	1.39E+03	32.14
3335		--	
3340	-4563	1.19E+03	35.71
3345		--	
3350	1.98E+03	1.98E+03	28.57
3355		--	
3360	793.7	-396.8	42.86
3365		--	
3370	-992.1	793.7	33.33
3375		--	
3380	-1190	-1587	28.57
3385		--	
3390	0.00E+00	-198.4	38.1
3395		--	
3400	-1190	-595.2	39.29
3405		--	
3410	-3770	5.36E+03	39.29
3415		--	
3420	-6349	1.39E+03	23.81
3425		--	
3430	-1389	5.16E+03	40.48
3435		--	
3440	-2381	3.77E+03	30.95
3445		--	
3450	-3968	-198.4	51.19
3455		--	
3460	-1587	396.8	45.24
3465		--	
3470	-3373	-198.4	30.95
3475		--	
3480	-3571	-1389	39.29
3485		--	
3490	-2778	2.78E+03	32.14
3495		--	
3500	-7143	2.98E+03	32.14
3505		--	
3510	-2579	5.56E+03	42.86
3515		--	
3520	-3968	3.18E+03	28.57
3525		--	
3530	-1389	1.19E+03	28.57
3535		--	
3540	-5754	-396.8	34.52
3545		--	
3550	-1786	3.57E+03	44.05
3555		--	
3560	-1786	-2381	39.29
3565		--	
3570	-3373	2.58E+03	30.95
3575		--	
3580	-8135	3.77E+03	33.33
3585		--	
3590	-3571	1.79E+03	15.48
3595		--	
3600	-5159	2.78E+03	23.81
3605		--	
3610	-6746	-198.4	30.95
3615		--	
3620	-4365	-396.8	38.1
3625		--	
3630	-5556	4.37E+03	28.57
3635		--	
3640	-4167	992.1	34.52
3645		--	
3650	-5556	2.98E+03	30.95
3655		--	
3660	-7143	3.18E+03	35.71
3665		--	
3670	-8730	6.94E+03	19.05
3675		--	
3680	-4365	5.36E+03	23.81
3685		--	
3690	-3571	7.14E+03	32.14
3695		--	
3700	-8135	-595.2	44.05
3705		--	
3710	-7143	2.58E+03	39.29
3715		--	
3720	-2381	1.79E+03	34.52
3725		--	
3730	-5754	1.59E+03	30.95
3735		--	
3740	-4762	3.77E+03	48.81
3745		--	
3750	-9722	4.76E+03	22.62
3755		--	
3760	-5357	5.16E+03	36.9
3765		--	
3770	-7937	4.56E+03	23.81
3775		--	
3780	-7143	4.37E+03	32.14
3785		--	
3790	-8929	3.97E+03	28.57
3795		--	
3800	-4762	1.19E+03	50
3805		--	
3810	-7540	3.97E+03	28.57
3815		--	
3820	-9921	5.56E+03	36.9
3825		--	
3830	-7738	6.35E+03	11.9
3835		--	
3840	-7738	7.74E+03	25
3845		--	
3850	-7540	7.94E+03	8.333
3855		--	
3860	-5952	6.15E+03	23.81
3865		--	
3870	-7540	4.17E+03	23.81
3875		--	
3880	-9524	3.57E+03	33.33
3885		--	
3890	-2778	3.77E+03	26.19
3895		--	
3900	-9524	4.76E+03	53.57
3905		--	
3910	-9524	7.94E+03	29.76
3915		--	
3920	-2381	7.14E+03	44.05
3925		--	
3930	-7937	8.73E+03	50
3935		--	
3940	-8929	5.75E+03	40.48
3945		--	
3950	-9127	2.38E+03	29.76
3955		--	
3960	-6349	4.56E+03	39.29
3965		--	
3970	-5952	6.55E+03	13.1
3975		--	
3980	-5159	2.38E+03	19.05
3985		--	
3990	-10520	9.72E+03	26.19
3995		--	
4000	-8135	4.37E+03	13.1
4005		--	
4010	-9722	8.14E+03	20.24
4015		--	
4020	-9325	5.95E+03	-2.376
4025		--	
4030	-5952	4.96E+03	25
4035		--	
4040	-7341	4.96E+03	-2.376
4045		--	
4050	-5556	4.17E+03	16.67
4055		--	
4060	-3373	1.19E+03	-2.376
4065		--	
4070	-8135	6.55E+03	26.19
4075		--	
4080	-2381	4.17E+03	29.76
4085		--	
4090	-1587	7.14E+03	54.76
4095		--	
4100	-7540	5.75E+03	28.57
4105		--	
4110	-5159	1.79E+03	34.52
4115		--	
4120	0.00E+00	-793.7	5.952
4125		--	
4130	-4365	1.39E+03	58.33
4135		--	
4140	-2976	3.37E+03	39.29
4145		--	
4150	-5357	3.37E+03	25
4155		--	
4160	-6151	3.57E+03	4.762
4165		--	
4170	-5159	5.16E+03	29.76
4175		--	
4180	-2579	3.57E+03	23.81
4185		--	
4190	-1587	198.4	17.86
4195		--	
4200	-2778	1.98E+03	23.81
4205		--	
4210	-1389	1.79E+03	30.95
4215		--	
4220	-2381	-793.7	39.29
4225		--	
4230	-5159	3.57E+03	34.52
4235		--	
4240	-4762	1.98E+03	32.14
4245		--	
4250	-5754	3.77E+03	38.1
4255		--	
4260	-2183	5.36E+03	20.24
4265		--	
4270	-992.1	0.00E+00	19.97ne3   
4275		--	
4280	-3770	3.18E+03	32.14
4285		--	
4290	-2381	595.2	20.24
4295		--	
4300	0.00E+00	992.1	22.62
4305		--	
4310	-3770	-1984	-2.376
4315		--	
4320	-2976	2.98E+03	39.29
4325		--	
4330	-6746	2.58E+03	26.19
4335		--	
4340	0.00E+00	2.78E+03	39.29
4345		--	
4350	-992.1	595.2	80.95
4355		--	
4360	-2381	1.79E+03	69.05
4365		--	
4370	-2976	-793.7	58.33
4375		--	
4380	-793.7	198.4	65.48
4385		--	
4390	-1786	-396.8	84.52
4395		--	
4400	-4762	5.56E+03	47.62
4405		--	
4410	-6746	1.59E+03	15.48
4415		--	
4420	-2183	5.16E+03	19.05
4425		--	
4430	-2381	3.97E+03	-2.376
4435		--	
4440	-3968	-595.2	19.97ne3   
4445		--	
4450	-1389	0.00E+00	14.29
4455		--	
4460	-3175	-396.8	8.333
4465		--	
4470	-2976	-1984	38.1
4475		--	
4480	-2381	1.98E+03	38.1
4485		--	
4490	-6151	1.98E+03	60.71
4495		--	
4500	-1786	4.56E+03	76.19
4505		--	
4510	-2778	2.38E+03	52.38
4515		--	
4520	0.00E+00	0.00E+00	59.52
4525		--	
4530	-4365	-1190	53.57
4535		--	
4540	-198.4	2.18E+03	32.14
4545		--	
4550	198.4	-4167	19.97ne3   
4555		--	
4560	-1587	992.1	27.38
4565		--	
4570	-5952	2.38E+03	23.81
4575		--	
4580	-992.1	0.00E+00	1.19
4585		--	
4590	-2579	793.7	20.24
4595		--	
4600	-4167	-2183	17.86
4605		--	
4610	-1786	-2579	48.81
4615		--	
4620	-2778	2.18E+03	40.48
4625		--	
4630	-1587	-1389	54.76
4635		--	
4640	-2579	595.2	25
4645		--	
4650	-3968	793.7	55.95
4655		--	
4660	-5556	4.17E+03	19.05
4665		--	
4670	-793.7	2.58E+03	16.67
4675		--	
4680	-198.4	4.37E+03	23.81
4685		--	
4690	-4167	-3571	35.71
4695		--	
4700	-3968	-595.2	1.19
4705		--	
4710	1.59E+03	-1587	9.524
4715		--	
4720	-1786	-1786	3.571
4725		--	
4730	-595.2	595.2	45.24
4735		--	
4740	-5357	1.59E+03	9.524
4745		--	
4750	-1190	1.39E+03	45.24
4755		--	
4760	-3770	793.7	30.95
4765		--	
4770	-2381	992.1	54.76
4775		--	
4780	-4563	595.2	39.29
4785		--	
4790	198.4	-2778	67.86
4795		--	
4800	-2183	0.00E+00	28.57
4805		--	
4810	-5159	1.79E+03	40.48
4815		--	
4820	-2976	1.98E+03	5.952
4825		--	
4830	-2381	3.57E+03	21.43
4835		--	
4840	-2579	3.97E+03	-2.376
4845		--	
4850	-793.7	1.79E+03	19.05
4855		--	
4860	-1984	0.00E+00	15.48
4865		--	
4870	-3968	-595.2	33.33
4875		--	
4880	3.37E+03	-595.2	22.62
4885		--	
4890	-4167	595.2	50
4895		--	
4900	-3968	3.97E+03	30.95
4905		--	
4910	3.37E+03	2.58E+03	53.57
4915		--	
4920	-2381	4.37E+03	53.57
4925		--	
4930	-3571	1.39E+03	45.24
4935		--	
4940	-2976	-1984	25
4945		--	
4950	-595.2	-198.4	33.33
4955		--	
4960	396.8	1.79E+03	14.29
4965		--	
4970	1.59E+03	-2778	32.14
4975		--	
4980	-4365	5.16E+03	25
4985		--	
4990	-2183	-198.4	19.05
4995		--	
5000	-3571	3.57E+03	8.333
5005		--	
5010	-2976	1.39E+03	9.524
5015		--	
5020	-1190	595.2	33.33
5025		--	
5030	-3770	1.39E+03	20.24
5035		--	
5040	-1786	1.39E+03	30.95
5045		--	
5050	-198.4	-1389	28.57
5055		--	
5060	-5556	3.97E+03	25
5065		--	
5070	396.8	1.98E+03	22.62
5075		--	
5080	1.39E+03	4.96E+03	22.62
5085		--	
5090	-5357	3.57E+03	13.1
5095		--	
5100	-3175	-198.4	30.95
5105		--	
5110	2.38E+03	-2381	39.29
5115		--	
5120	-2183	-396.8	48.81
5125		--	
5130	-595.2	1.59E+03	35.71
5135		--	
5140	-3571	1.98E+03	25
5145		--	
5150	-3968	2.18E+03	19.05
5155		--	
5160	-3373	3.57E+03	28.57
5165		--	
5170	-793.7	2.18E+03	26.19
5175		--	
5180	198.4	-992.1	9.524
5185		--	
5190	-1190	396.8	34.52
5195		--	
5200	396.8	396.8	27.38
5205		--	
5210	-793.7	-1984	28.57
5215		--	
5220	-3770	2.18E+03	11.9
5225		--	
5230	-3175	595.2	30.95
5235		--	
5240	-4365	2.38E+03	35.71
5245		--	
5250	-992.1	3.97E+03	26.19
5255		--	
5260	0.00E+00	-1190	33.33
5265		--	
5270	-2381	2.18E+03	21.43
5275		--	
5280	-1190	-595.2	44.05
5285		--	
5290	1.39E+03	198.4	40.48
5295		--	
5300	-2381	-3373	35.71
5305		--	
5310	-1786	1.79E+03	30.95
5315		--	
5320	-5556	1.98E+03	25
5325		--	
5330	1.39E+03	1.79E+03	25
5335		--	
5340	396.8	-595.2	42.86
5345		--	
5350	-1587	992.1	33.33
5355		--	
5360	-1786	-1587	30.95
5365		--	
5370	0.00E+00	-595.2	42.86
5375		--	
5380	-1190	-1190	45.24
5385		--	
5390	-3968	4.76E+03	45.24
5395		--	
5400	-5754	793.7	27.38
5405		--	
5410	-1190	4.56E+03	40.48
5415		--	
5420	-1587	3.37E+03	26.19
5425		--	
5430	-3175	-992.1	47.62
5435		--	
5440	-793.7	-595.2	40.48
5445		--	
5450	-2381	-1389	29.76
5455		--	
5460	-2183	-2579	39.29
5465		--	
5470	-1786	1.19E+03	28.57
5475		--	
5480	-5754	1.19E+03	30.95
5485		--	
5490	-1190	3.97E+03	39.29
5495		--	
5500	-2183	1.39E+03	26.19
5505		--	
5510	198.4	-793.7	20.24
5515		--	
5520	-3968	-1786	26.19
5525		--	
5530	198.4	1.59E+03	39.29
5535		--	
5540	793.7	-4563	38.1
5545		--	
5550	-1190	595.2	30.95
5555		--	
5560	-5556	1.59E+03	39.29
5565		--	
5570	-396.8	-595.2	21.43
5575		--	
5580	-2381	396.8	30.95
5585		--	
5590	-3968	-2579	29.76
5595		--	
5600	-1389	-2976	55.95
5605		--	
5610	-2381	1.39E+03	17.86
5615		--	
5620	-1190	-1984	44.05
5625		--	
5630	-2183	0.00E+00	72.62
5635		--	
5640	-3571	396.8	32.14
5645		--	
5650	-5159	3.57E+03	36.9
5655		--	
5660	-396.8	2.38E+03	27.38
5665		--	
5670	198.4	3.77E+03	57.14
5675		--	
5680	-3770	-3968	29.76
5685		--	
5690	-3373	-1389	39.29
5695		--	
5700	1.98E+03	-1786	25
5705		--	
5710	-1389	-2183	30.95
5715		--	
5720	-198.4	198.4	28.57
5725		--	
5730	-5357	1.19E+03	9.524
5735		--	
5740	-1190	793.7	14.29
5745		--	
5750	-3373	595.2	13.1
5755		--	
5760	-2381	793.7	2.381
5765		--	
5770	-4167	198.4	23.81
5775		--	
5780	595.2	-3175	45.24
5785		--	
5790	-2183	-198.4	48.81
5795		--	
5800	-4960	1.79E+03	52.38
5805		--	
5810	-2579	2.18E+03	39.29
5815		--	
5820	-2381	3.37E+03	46.43
5825		--	
5830	-2183	3.37E+03	27.38
5835		--	
5840	-595.2	1.59E+03	29.76
5845		--	
5850	-1984	-198.4	25
5855		--	
5860	-3968	-992.1	20.24
5865		--	
5870	3.18E+03	-1190	13.1
5875		--	
5880	-4365	595.2	34.52
5885		--	
5890	-3770	3.77E+03	25
5895		--	
5900	3.37E+03	2.18E+03	38.1
5905		--	
5910	-2183	3.97E+03	53.57
5915		--	
5920	-3770	992.1	42.86
5925		--	
5930	-2778	-2579	41.67
5935		--	
5940	0.00E+00	-198.4	46.43
5945		--	
5950	793.7	1.79E+03	30.95
5955		--	
5960	2.18E+03	-3175	35.71
5965		--	
5970	-3770	4.96E+03	29.76
5975		--	
5980	-1786	-793.7	15.48
5985		--	
5990	-3175	3.18E+03	8.333
5995		--	
6000	-2778	396.8	1.19
6005		--	
6010	-793.7	396.8	29.76
6015		--	
6020	-3175	1.19E+03	16.67
6025		--	
6030	-1389	1.19E+03	32.14
6035		--	
6040	198.4	-1984	30.95
6045		--	
6050	-5159	3.77E+03	35.71
6055		--	
6060	793.7	1.39E+03	33.33
6065		--	
6070	1.39E+03	4.76E+03	33.33
6075		--	
6080	-4960	3.18E+03	17.86
6085		--	
6090	-2579	-396.8	34.52
6095		--	
6100	2.98E+03	-2976	42.86
6105		--	
6110	-1786	-595.2	53.57
6115		--	
6120	0.00E+00	1.19E+03	35.71
6125		--	
6130	-2976	1.39E+03	26.19
6135		--	
6140	-3571	1.79E+03	15.48
6145		--	
6150	-3373	3.18E+03	25
6155		--	
6160	-396.8	1.59E+03	23.81
6165		--	
6170	595.2	-1389	14.29
6175		--	
6180	-793.7	198.4	34.52
6185		--	
6190	595.2	198.4	28.57
6195		--	
6200	-595.2	-2381	29.76
6205		--	
6210	-3373	1.79E+03	19.05
6215		--	
6220	-2778	396.8	38.1
6225		--	
6230	-3968	2.18E+03	41.67
6235		--	
6240	-198.4	3.57E+03	26.19
6245		--	
6250	595.2	-1786	36.9
6255		--	
6260	-1984	1.79E+03	21.43
6265		--	
6270	-595.2	-793.7	41.67
6275		--	
6280	1.98E+03	-198.4	40.48
6285		--	
6290	-2183	-3770	35.71
6295		--	
6300	-1190	1.59E+03	32.14
6305		--	
6310	-5357	1.19E+03	25
6315		--	
6320	1.79E+03	1.59E+03	26.19
6325		--	
6330	793.7	-992.1	42.86
6335		--	
6340	-793.7	992.1	40.48
6345		--	
6350	-1587	-1984	28.57
6355		--	
6360	396.8	-1190	52.38
6365		--	
6370	-793.7	-1389	41.67
6375		--	
6380	-3373	4.37E+03	55.95
6385		--	
6390	-5556	595.2	28.57
6395		--	
6400	-793.7	3.97E+03	40.48
6405		--	
6410	-1190	2.98E+03	5.952
6415		--	
6420	-2778	-1389	55.95
6425		--	
6430	-396.8	-992.1	30.95
6435		--	
6440	-1984	-1587	35.71
6445		--	
6450	-1786	-2976	21.43
6455		--	
6460	-1389	793.7	34.52
6465		--	
6470	-5357	992.1	15.48
6475		--	
6480	-992.1	3.77E+03	53.57
6485		--	
6490	-1984	1.19E+03	22.62
6495		--	
6500	595.2	-992.1	40.48
6505		--	
6510	-3373	-2381	19.05
6515		--	
6520	595.2	1.19E+03	53.57
6525		--	
6530	992.1	-5357	30.95
6535		--	
6540	-396.8	0.00E+00	42.86
6545		--	
6550	-5357	1.19E+03	27.38
6555		--	
6560	-396.8	-992.1	26.19
6565		--	
6570	-1984	0.00E+00	15.48
6575		--	
6580	-3373	-2976	39.29
6585		--	
6590	-1190	-3571	30.95
6595		--	
6600	-1984	1.19E+03	30.95
6605		--	
6610	-595.2	-2183	29.76
6615		--	
6620	-1587	-198.4	41.67
6625		--	
6630	-3571	-198.4	32.14
6635		--	
6640	-4762	3.57E+03	27.38
6645		--	
6650	-198.4	1.79E+03	20.24
6655		--	
6660	595.2	3.77E+03	36.9
6665		--	
6670	-3770	-4167	39.29
6675		--	
6680	-2778	-1389	39.29
6685		--	
6690	2.18E+03	-2381	25
6695		--	
6700	-992.1	-2381	32.14
6705		--	
6710	198.4	-595.2	47.62
6715		--	
6720	-4762	1.19E+03	25
6725		--	
6730	-793.7	396.8	33.33
6735		--	
6740	-2976	0.00E+00	23.81
6745		--	
6750	-1984	0.00E+00	26.19
6755		--	
6760	-3571	0.00E+00	23.81
6765		--	
6770	595.2	-3571	51.19
6775		--	
6780	-1786	-396.8	32.14
6785		--	
6790	-4960	1.19E+03	40.48
6795		--	
6800	-2183	1.39E+03	17.86
6805		--	
6810	-2381	2.98E+03	27.38
6815		--	
6820	-1984	3.18E+03	13.1
6825		--	
6830	-198.4	1.39E+03	27.38
6835		--	
6840	-1190	-793.7	29.76
6845		--	
6850	-3571	-1389	35.71
6855		--	
6860	3.77E+03	-1389	27.38
6865		--	
6870	-3968	595.2	51.19
6875		--	
6880	-3373	3.37E+03	29.76
6885		--	
6890	3.77E+03	1.98E+03	46.43
6895		--	
6900	-1786	3.57E+03	48.81
6905		--	
6910	-2778	595.2	39.29
6915		--	
6920	-2381	-2381	29.76
6925		--	
6930	0.00E+00	-198.4	33.33
6935		--	
6940	992.1	1.39E+03	16.67
6945		--	
6950	2.58E+03	-2976	28.57
6955		--	
6960	-3571	5.16E+03	26.19
6965		--	
6970	-1587	-198.4	20.24
6975		--	
6980	-3175	3.18E+03	14.29
6985		--	
6990	-2183	992.1	10.71
6995		--	
7000	-595.2	0.00E+00	34.52
7005		--	
7010	-3373	1.19E+03	19.05
7015		--	
7020	-1389	1.19E+03	34.52
7025		--	
7030	595.2	-1984	32.14
7035		--	
7040	-5159	3.57E+03	32.14
7045		--	
7050	992.1	1.79E+03	27.38
7055		--	
7060	1.79E+03	4.76E+03	26.19
7065		--	
7070	-4563	3.18E+03	13.1
7075		--	
7080	-2579	-595.2	30.95
7085		--	
7090	2.98E+03	-2778	38.1
7095		--	
7100	-1587	-992.1	50
7105		--	
7110	198.4	1.19E+03	34.52
7115		--	
7120	-2976	1.79E+03	26.19
7125		--	
7130	-3770	1.98E+03	23.81
7135		--	
7140	-2778	3.37E+03	32.14
7145		--	
7150	-198.4	1.98E+03	42.86
7155		--	
7160	595.2	-1389	26.19
7165		--	
7170	-595.2	198.4	32.14
7175		--	
7180	793.7	0.00E+00	41.67
7185		--	
7190	198.4	-2381	48.81
7195		--	
7200	-2976	1.98E+03	25
7205		--	
7210	-2579	396.8	39.29
7215		--	
7220	-3571	2.38E+03	45.24
7225		--	
7230	-198.4	3.97E+03	40.48
7235		--	
7240	992.1	-1587	26.19
7245		--	
7250	-1984	1.98E+03	13.1
7255		--	
7260	0.00E+00	-595.2	27.38
7265		--	
7270	2.18E+03	-198.4	25
7275		--	
7280	-1984	-3373	23.81
7285		--	
7290	-1389	1.79E+03	19.05
7295		--	
7300	-4960	1.59E+03	19.05
7305		--	
7310	2.18E+03	1.59E+03	23.81
7315		--	
7320	793.7	-793.7	51.19
7325		--	
7330	-595.2	793.7	39.29
7335		--	
7340	-992.1	-1786	36.9
7345		--	
7350	595.2	-793.7	55.95
7355		--	
7360	-396.8	-1389	46.43
7365		--	
7370	-3175	4.76E+03	48.81
7375		--	
7380	-5357	595.2	23.81
7385		--	
7390	-396.8	4.17E+03	40.48
7395		--	
7400	-992.1	2.98E+03	21.43
7405		--	
7410	-2381	-1389	45.24
7415		--	
7420	0.00E+00	-992.1	35.71
7425		--	
7430	-1786	-1587	27.38
7435		--	
7440	-1389	-2976	38.1
7445		--	
7450	-1389	1.19E+03	33.33
7455		--	
7460	-4960	1.19E+03	33.33
7465		--	
7470	-396.8	3.57E+03	42.86
7475		--	
7480	-1786	1.59E+03	26.19
7485		--	
7490	992.1	-992.1	21.43
